[gd_scene load_steps=17 format=2]

[ext_resource path="res://Scripts/Interactable/Egg.gd" type="Script" id=1]
[ext_resource path="res://Scenes/Interactable/Egg/Egg.tscn" type="PackedScene" id=2]
[ext_resource path="res://Scenes/Interactable/Box2.tscn" type="PackedScene" id=3]
[ext_resource path="res://Scenes/Interactable/TP.tscn" type="PackedScene" id=4]
[ext_resource path="res://Scenes/Interactable/Box3.tscn" type="PackedScene" id=5]
[ext_resource path="res://Scenes/Interactable/Box1.tscn" type="PackedScene" id=6]
[ext_resource path="res://Scenes/Death/Death.tscn" type="PackedScene" id=7]
[ext_resource path="res://Scripts/L4.gd" type="Script" id=8]
[ext_resource path="res://Scenes/Death/Death.gd" type="Script" id=9]

[sub_resource type="BoxShape" id=8]
extents = Vector3( 8.56974, 5.67422, 15.8747 )

[sub_resource type="SpatialMaterial" id=2]
albedo_color = Color( 0.988235, 1, 0.615686, 1 )
metallic_specular = 0.0

[sub_resource type="CubeMesh" id=3]
size = Vector3( 3, 3, 1.5 )

[sub_resource type="SpatialMaterial" id=4]
albedo_color = Color( 0.572549, 0.32549, 0.0392157, 1 )
metallic_specular = 0.0

[sub_resource type="CubeMesh" id=5]
material = SubResource( 4 )
size = Vector3( 4, 4, 3 )

[sub_resource type="SpatialMaterial" id=6]
albedo_color = Color( 0.517647, 0.372549, 0.372549, 1 )
metallic_specular = 0.0

[sub_resource type="CubeMesh" id=7]
material = SubResource( 6 )
size = Vector3( 3, 3, 1.5 )

[node name="L4" type="Spatial"]
script = ExtResource( 8 )

[node name="Area" type="Area" parent="."]
transform = Transform( 1, 0, 0, 0, 1, 0, 0, 0, 1, 40.4857, -9.99611, -16.8473 )

[node name="CollisionShape" type="CollisionShape" parent="Area"]
transform = Transform( 1, 0, 0, 0, 1, 0, 0, 0, 1, 1.51974, 0, 19.291 )
shape = SubResource( 8 )

[node name="KinematicBody" type="KinematicBody" parent="." instance=ExtResource( 7 )]
transform = Transform( 1, 0, 0, 0, 1, 0, 0, 0, 1, 40.4857, -9.99611, -32.1943 )
collision_mask = 3
script = ExtResource( 9 )

[node name="Egg" type="Spatial" parent="." instance=ExtResource( 2 )]
transform = Transform( 1, 0, 0, 0, 1, 0, 0, 0, 1, -0.0183573, 13.1115, -17.4819 )
script = ExtResource( 1 )

[node name="Egg2" type="Spatial" parent="." instance=ExtResource( 2 )]
transform = Transform( 1, 0, 0, 0, 1, 0, 0, 0, 1, 17.3773, 13.1115, 13.7086 )
script = ExtResource( 1 )

[node name="Egg3" type="Spatial" parent="." instance=ExtResource( 2 )]
transform = Transform( 1, 0, 0, 0, 1, 0, 0, 0, 1, -35.4068, 9.84266, -27.5196 )
script = ExtResource( 1 )

[node name="Egg4" type="Spatial" parent="." instance=ExtResource( 2 )]
transform = Transform( 1, 0, 0, 0, 1, 0, 0, 0, 1, -14.3499, -0.0710692, 14.9285 )
script = ExtResource( 1 )

[node name="Egg5" type="Spatial" parent="." instance=ExtResource( 2 )]
transform = Transform( 1, 0, 0, 0, 1, 0, 0, 0, 1, 3.17118, 2.55145, -22.8959 )
script = ExtResource( 1 )

[node name="Egg6" type="Spatial" parent="." instance=ExtResource( 2 )]
transform = Transform( 1, 0, 0, 0, 1, 0, 0, 0, 1, 44.8399, 5.6023, -16.5822 )
script = ExtResource( 1 )

[node name="Egg8" type="Spatial" parent="." instance=ExtResource( 2 )]
transform = Transform( 1, 0, 0, 0, 1, 0, 0, 0, 1, 17.8013, -0.0768886, 34.4813 )
script = ExtResource( 1 )

[node name="Egg9" type="Spatial" parent="." instance=ExtResource( 2 )]
transform = Transform( 1, 0, 0, 0, 1, 0, 0, 0, 1, -0.399701, -4.59534, 36.4752 )
script = ExtResource( 1 )

[node name="Egg10" type="Spatial" parent="." instance=ExtResource( 2 )]
transform = Transform( 0.958691, 0.28445, 0, -0.28445, 0.958691, 0, 0, 0, 1, -35.773, -12.9718, 29.1667 )
script = ExtResource( 1 )

[node name="Egg7" type="Spatial" parent="." instance=ExtResource( 2 )]
transform = Transform( 1, 0, 0, 0, 1, 0, 0, 0, 1, 73.4293, -0.107933, -64.1581 )
script = ExtResource( 1 )

[node name="Egg11" type="Spatial" parent="." instance=ExtResource( 2 )]
transform = Transform( 0.988086, -0.1539, 0, 0.1539, 0.988086, 0, 0, 0, 1, -43.8, -12.8102, -3.51681 )
script = ExtResource( 1 )

[node name="Egg12" type="Spatial" parent="." instance=ExtResource( 2 )]
transform = Transform( 1, 0, 0, 0, 1, 0, 0, 0, 1, -39.4237, -12.8102, -43.7543 )
script = ExtResource( 1 )

[node name="Egg13" type="Spatial" parent="." instance=ExtResource( 2 )]
transform = Transform( 1, 0, 0, 0, 1, 0, 0, 0, 1, -15.7351, -12.8102, -39.9061 )
script = ExtResource( 1 )

[node name="Egg14" type="Spatial" parent="." instance=ExtResource( 2 )]
transform = Transform( 0.695123, 0, 0.718891, 0, 1, 0, -0.718891, 0, 0.695123, 3.45783, -12.8102, -3.8207 )
script = ExtResource( 1 )

[node name="Egg15" type="Spatial" parent="." instance=ExtResource( 2 )]
transform = Transform( 0.695123, 0, 0.718891, 0, 1, 0, -0.718891, 0, 0.695123, -25.2194, -9.93863, -10.6638 )
script = ExtResource( 1 )

[node name="Egg16" type="Spatial" parent="." instance=ExtResource( 2 )]
transform = Transform( 0.973643, -0.228079, 0, 0.228079, 0.973643, 0, 0, 0, 1, 15.5522, -9.30501, -28.5645 )
script = ExtResource( 1 )

[node name="Egg17" type="Spatial" parent="." instance=ExtResource( 2 )]
transform = Transform( 0.988393, -0.151916, 0, 0.151916, 0.988393, 0, 0, 0, 1, 38.1298, -12.884, -39.0913 )
script = ExtResource( 1 )

[node name="Egg18" type="Spatial" parent="." instance=ExtResource( 2 )]
transform = Transform( 0.996717, -0.0809644, 0, 0.0809644, 0.996717, 0, 0, 0, 1, 40.3079, -12.884, -40.4831 )
script = ExtResource( 1 )

[node name="Boxes3" type="Spatial" parent="."]

[node name="Box" type="MeshInstance" parent="Boxes3" instance=ExtResource( 6 )]
transform = Transform( 0.843448, 0, -0.537211, 0, 1, 0, 0.537211, 0, 0.843448, 16.0307, 1.4346, 35.0603 )
material_override = SubResource( 2 )
mesh = SubResource( 3 )
material/0 = null

[node name="Box11" type="MeshInstance" parent="Boxes3" instance=ExtResource( 6 )]
transform = Transform( 0.98547, 0, -0.169848, 0, 1, 0, 0.169848, 0, 0.98547, 16.0307, 1.4346, 32.6685 )
material_override = SubResource( 2 )
mesh = SubResource( 3 )
material/0 = null

[node name="Box20" type="MeshInstance" parent="Boxes3" instance=ExtResource( 5 )]
transform = Transform( 0.736192, 0, -0.676773, 0, 1, 0, 0.676773, 0, 0.736192, -10.0668, 19.3127, 18.0599 )
mesh = SubResource( 5 )
material/0 = null

[node name="Box27" type="MeshInstance" parent="Boxes3" instance=ExtResource( 5 )]
transform = Transform( 0.999427, 0.0338354, -5.5125e-09, 0, -1.62921e-07, -1, -0.0338354, 0.999427, -1.62827e-07, -32.0866, -11.5474, -28.926 )
mesh = SubResource( 5 )
material/0 = null

[node name="Box37" type="MeshInstance" parent="Boxes3" instance=ExtResource( 5 )]
transform = Transform( 0.990495, -0.137548, 2.24094e-08, 0, -1.62921e-07, -1, 0.137548, 0.990495, -1.61372e-07, -27.5918, -11.5474, -28.9025 )
mesh = SubResource( 5 )
material/0 = null

[node name="Box44" type="MeshInstance" parent="Boxes3" instance=ExtResource( 5 )]
transform = Transform( 0.998548, 0.0538696, -8.77647e-09, 0, -1.62921e-07, -1, -0.0538696, 0.998548, -1.62683e-07, -31.6326, -11.5474, -41.6559 )
mesh = SubResource( 5 )
material/0 = null

[node name="Box45" type="MeshInstance" parent="Boxes3" instance=ExtResource( 5 )]
transform = Transform( 0.999904, -0.0138401, 2.25479e-09, 0, -1.62921e-07, -1, 0.0138401, 0.999904, -1.62904e-07, -27.202, -11.5474, -41.9329 )
mesh = SubResource( 5 )
material/0 = null

[node name="Box46" type="MeshInstance" parent="Boxes3" instance=ExtResource( 5 )]
transform = Transform( 0.999259, -0.0384751, 6.26833e-09, 0, -1.62921e-07, -1, 0.0384751, 0.999259, -1.62799e-07, -22.4708, -11.5474, -41.9329 )
mesh = SubResource( 5 )
material/0 = null

[node name="Box47" type="MeshInstance" parent="Boxes3" instance=ExtResource( 5 )]
transform = Transform( 0.999908, 0.0135433, -2.2065e-09, 0, -1.62921e-07, -1, -0.0135433, 0.999908, -1.62905e-07, -18.1812, -11.5474, -41.9329 )
mesh = SubResource( 5 )
material/0 = null

[node name="Box54" type="MeshInstance" parent="Boxes3" instance=ExtResource( 5 )]
transform = Transform( 0.979336, 0.20224, -3.2949e-08, 0, -1.62921e-07, -1, -0.20224, 0.979336, -1.59553e-07, -31.2838, -11.5474, -24.2058 )
mesh = SubResource( 5 )
material/0 = null

[node name="Box55" type="MeshInstance" parent="Boxes3" instance=ExtResource( 5 )]
transform = Transform( 0.99881, -0.0487627, 7.94439e-09, 0, -1.62921e-07, -1, 0.0487627, 0.99881, -1.62726e-07, -31.5212, -8.55599, -24.6258 )
mesh = SubResource( 5 )
material/0 = null

[node name="Box56" type="MeshInstance" parent="Boxes3" instance=ExtResource( 5 )]
transform = Transform( 0.984704, 0.174232, -2.8386e-08, 0, -1.62921e-07, -1, -0.174232, 0.984704, -1.60428e-07, -31.5313, -5.53246, -24.5179 )
mesh = SubResource( 5 )
material/0 = null

[node name="Box57" type="MeshInstance" parent="Boxes3" instance=ExtResource( 5 )]
transform = Transform( 0.99091, 0.134522, -2.19164e-08, 0, -1.62921e-07, -1, -0.134522, 0.99091, -1.61439e-07, -32.0166, -2.5512, -24.9286 )
mesh = SubResource( 5 )
material/0 = null

[node name="Box58" type="MeshInstance" parent="Boxes3" instance=ExtResource( 5 )]
transform = Transform( 0.993492, -0.113897, 1.85561e-08, 0, -1.62921e-07, -1, 0.113897, 0.993492, -1.6186e-07, -26.5302, -11.5474, -23.9615 )
mesh = SubResource( 5 )
material/0 = null

[node name="Box59" type="MeshInstance" parent="Boxes3" instance=ExtResource( 5 )]
transform = Transform( 0.933561, -0.358417, 5.83933e-08, 0, -1.62921e-07, -1, 0.358417, 0.933561, -1.52096e-07, -26.6245, -8.55599, -24.4346 )
mesh = SubResource( 5 )
material/0 = null

[node name="Box60" type="MeshInstance" parent="Boxes3" instance=ExtResource( 5 )]
transform = Transform( 0.989841, -0.14218, 2.31639e-08, 0, -1.62921e-07, -1, 0.14218, 0.989841, -1.61265e-07, -26.6679, -5.53246, -24.3352 )
mesh = SubResource( 5 )
material/0 = null

[node name="Box61" type="MeshInstance" parent="Boxes3" instance=ExtResource( 5 )]
transform = Transform( 0.983328, -0.181841, 2.96255e-08, 0, -1.62921e-07, -1, 0.181841, 0.983328, -1.60204e-07, -27.0005, -2.5512, -24.877 )
mesh = SubResource( 5 )
material/0 = null

[node name="Box62" type="MeshInstance" parent="Boxes3" instance=ExtResource( 5 )]
transform = Transform( -0.126943, 0.99191, -1.61602e-07, 0, -1.62921e-07, -1, -0.99191, -0.126943, 2.06817e-08, -22.1884, -11.5474, -24.5312 )
mesh = SubResource( 5 )
material/0 = null

[node name="Box63" type="MeshInstance" parent="Boxes3" instance=ExtResource( 5 )]
transform = Transform( 0.124814, 0.99218, -1.61646e-07, 0, -1.62921e-07, -1, -0.99218, 0.124814, -2.03346e-08, -22.6253, -8.55599, -24.3265 )
mesh = SubResource( 5 )
material/0 = null

[node name="Box64" type="MeshInstance" parent="Boxes3" instance=ExtResource( 5 )]
transform = Transform( -0.0986077, 0.995126, -1.62126e-07, 0, -1.62921e-07, -1, -0.995126, -0.0986077, 1.60652e-08, -22.5185, -5.53246, -24.3082 )
mesh = SubResource( 5 )
material/0 = null

[node name="Box65" type="MeshInstance" parent="Boxes3" instance=ExtResource( 5 )]
transform = Transform( -0.0585398, 0.998285, -1.62641e-07, 0, -1.62921e-07, -1, -0.998285, -0.0585398, 9.53734e-09, -22.965, -2.5512, -23.8557 )
mesh = SubResource( 5 )
material/0 = null

[node name="Box66" type="MeshInstance" parent="Boxes3" instance=ExtResource( 5 )]
transform = Transform( -0.870321, 0.492484, -8.02355e-08, 0, -1.62921e-07, -1, -0.492484, -0.870321, 1.41793e-07, -17.1915, -11.5474, -27.3209 )
mesh = SubResource( 5 )
material/0 = null

[node name="Box67" type="MeshInstance" parent="Boxes3" instance=ExtResource( 5 )]
transform = Transform( -0.71974, 0.694244, -1.13106e-07, 0, -1.62921e-07, -1, -0.694244, -0.71974, 1.1726e-07, -17.2893, -8.55599, -26.8485 )
mesh = SubResource( 5 )
material/0 = null

[node name="Box68" type="MeshInstance" parent="Boxes3" instance=ExtResource( 5 )]
transform = Transform( -0.855924, 0.517101, -8.42461e-08, 0, -1.62921e-07, -1, -0.517101, -0.855924, 1.39447e-07, -17.2106, -5.53246, -26.923 )
mesh = SubResource( 5 )
material/0 = null

[node name="Box69" type="MeshInstance" parent="Boxes3" instance=ExtResource( 5 )]
transform = Transform( -0.834454, 0.551078, -8.97816e-08, 0, -1.62921e-07, -1, -0.551078, -0.834454, 1.35949e-07, -17.1158, -2.5512, -26.2944 )
mesh = SubResource( 5 )
material/0 = null

[node name="Box70" type="MeshInstance" parent="Boxes3" instance=ExtResource( 5 )]
transform = Transform( -0.998396, 0.0566056, -9.22215e-09, 0, -1.62921e-07, -1, -0.0566056, -0.998396, 1.62659e-07, -12.0899, -11.5474, -27.2728 )
mesh = SubResource( 5 )
material/0 = null

[node name="Box89" type="MeshInstance" parent="Boxes3" instance=ExtResource( 5 )]
transform = Transform( -0.897035, -0.44196, 7.20042e-08, 0, -1.62921e-07, -1, 0.44196, -0.897035, 1.46145e-07, -10.5446, -11.5474, -21.8816 )
mesh = SubResource( 5 )
material/0 = null

[node name="Box90" type="MeshInstance" parent="Boxes3" instance=ExtResource( 5 )]
transform = Transform( 0.0138924, -0.999903, 1.62904e-07, 0, -1.62921e-07, -1, 0.999903, 0.0138924, -2.26339e-09, 9.53275, -11.5474, -17.7959 )
mesh = SubResource( 5 )
material/0 = null

[node name="Box91" type="MeshInstance" parent="Boxes3" instance=ExtResource( 5 )]
transform = Transform( -0.539961, -0.84169, 1.37128e-07, 0, -1.62921e-07, -1, 0.84169, -0.539961, 8.79705e-08, 9.53275, -11.5474, -22.8858 )
mesh = SubResource( 5 )
material/0 = null

[node name="Box71" type="MeshInstance" parent="Boxes3" instance=ExtResource( 5 )]
transform = Transform( -0.952619, 0.304166, -4.95547e-08, 0, -1.62921e-07, -1, -0.304166, -0.952619, 1.55201e-07, -11.9686, -8.55599, -26.8059 )
mesh = SubResource( 5 )
material/0 = null

[node name="Box72" type="MeshInstance" parent="Boxes3" instance=ExtResource( 5 )]
transform = Transform( -0.996376, 0.0850516, -1.38566e-08, 0, -1.62921e-07, -1, -0.0850516, -0.996376, 1.6233e-07, -11.9311, -5.53246, -26.9075 )
mesh = SubResource( 5 )
material/0 = null

[node name="Box73" type="MeshInstance" parent="Boxes3" instance=ExtResource( 5 )]
transform = Transform( -0.992154, 0.125021, -2.03685e-08, 0, -1.62921e-07, -1, -0.125021, -0.992154, 1.61642e-07, -11.5679, -2.5512, -26.3858 )
mesh = SubResource( 5 )
material/0 = null

[node name="Box74" type="MeshInstance" parent="Boxes3" instance=ExtResource( 5 )]
transform = Transform( -0.081173, 0.9967, -1.62382e-07, 0, -1.62921e-07, -1, -0.9967, -0.081173, 1.32247e-08, -15.4575, -11.5474, -21.8643 )
mesh = SubResource( 5 )
material/0 = null

[node name="Box75" type="MeshInstance" parent="Boxes3" instance=ExtResource( 5 )]
transform = Transform( 0.17033, 0.985387, -1.60539e-07, 0, -1.62921e-07, -1, -0.985387, 0.17033, -2.77501e-08, -15.9033, -8.55599, -21.6799 )
mesh = SubResource( 5 )
material/0 = null

[node name="Box76" type="MeshInstance" parent="Boxes3" instance=ExtResource( 5 )]
transform = Transform( -0.0527193, 0.998609, -1.62693e-07, 0, -1.62921e-07, -1, -0.998609, -0.0527193, 8.58906e-09, -15.7974, -5.53246, -21.6567 )
mesh = SubResource( 5 )
material/0 = null

[node name="Box77" type="MeshInstance" parent="Boxes3" instance=ExtResource( 5 )]
transform = Transform( -0.0125484, 0.999921, -1.62907e-07, 0, -1.62921e-07, -1, -0.999921, -0.0125484, 2.04444e-09, -16.2643, -2.5512, -21.2252 )
mesh = SubResource( 5 )
material/0 = null

[node name="Box78" type="MeshInstance" parent="Boxes3" instance=ExtResource( 5 )]
transform = Transform( -0.987775, 0.155883, -2.53964e-08, 0, -1.62921e-07, -1, -0.155883, -0.987775, 1.60928e-07, -12.8638, -11.5474, -41.6063 )
mesh = SubResource( 5 )
material/0 = null

[node name="Box79" type="MeshInstance" parent="Boxes3" instance=ExtResource( 5 )]
transform = Transform( -0.917539, 0.397644, -6.47842e-08, 0, -1.62921e-07, -1, -0.397644, -0.917539, 1.49486e-07, -12.7896, -8.55599, -41.1296 )
mesh = SubResource( 5 )
material/0 = null

[node name="Box80" type="MeshInstance" parent="Boxes3" instance=ExtResource( 5 )]
transform = Transform( -0.982929, 0.183986, -2.99749e-08, 0, -1.62921e-07, -1, -0.183986, -0.982929, 1.60139e-07, -12.7422, -5.53246, -41.2271 )
mesh = SubResource( 5 )
material/0 = null

[node name="Box81" type="MeshInstance" parent="Boxes3" instance=ExtResource( 5 )]
transform = Transform( -0.974741, 0.223335, -3.63857e-08, 0, -1.62921e-07, -1, -0.223335, -0.974741, 1.58805e-07, -12.4328, -2.5512, -40.6717 )
mesh = SubResource( 5 )
material/0 = null

[node name="Box48" type="MeshInstance" parent="Boxes3" instance=ExtResource( 5 )]
transform = Transform( 0.98868, 0.150036, -2.44439e-08, 0, -1.62921e-07, -1, -0.150036, 0.98868, -1.61076e-07, -19.2931, -8.54326, -41.9329 )
mesh = SubResource( 5 )
material/0 = null

[node name="Box49" type="MeshInstance" parent="Boxes3" instance=ExtResource( 5 )]
transform = Transform( 0.999851, -0.0172431, 2.80921e-09, 0, -1.62921e-07, -1, 0.0172431, 0.999851, -1.62896e-07, -24.0755, -8.54326, -41.9329 )
mesh = SubResource( 5 )
material/0 = null

[node name="Box50" type="MeshInstance" parent="Boxes3" instance=ExtResource( 5 )]
transform = Transform( 0.999292, 0.0376204, -6.12914e-09, 0, -1.62921e-07, -1, -0.0376204, 0.999292, -1.62805e-07, -28.6745, -8.54326, -41.9329 )
mesh = SubResource( 5 )
material/0 = null

[node name="Box51" type="MeshInstance" parent="Boxes3" instance=ExtResource( 5 )]
transform = Transform( 0.969591, 0.244732, -3.98718e-08, 0, -1.62921e-07, -1, -0.244732, 0.969591, -1.57966e-07, -28.6745, -5.54107, -42.0838 )
mesh = SubResource( 5 )
material/0 = null

[node name="Box52" type="MeshInstance" parent="Boxes3" instance=ExtResource( 5 )]
transform = Transform( 0.984069, 0.177789, -2.89654e-08, 0, -1.62921e-07, -1, -0.177789, 0.984069, -1.60324e-07, -24.4916, -5.54107, -42.0838 )
mesh = SubResource( 5 )
material/0 = null

[node name="Box53" type="MeshInstance" parent="Boxes3" instance=ExtResource( 5 )]
transform = Transform( 0.973702, -0.227824, 3.71171e-08, 0, -1.62921e-07, -1, 0.227824, 0.973702, -1.58636e-07, -19.7341, -5.54107, -42.0838 )
mesh = SubResource( 5 )
material/0 = null

[node name="Box41" type="MeshInstance" parent="Boxes3" instance=ExtResource( 5 )]
transform = Transform( 0.985479, 0.169797, -2.76633e-08, 0, -1.62921e-07, -1, -0.169797, 0.985479, -1.60554e-07, -27.6214, -8.52632, -28.6189 )
mesh = SubResource( 5 )
material/0 = null

[node name="Box42" type="MeshInstance" parent="Boxes3" instance=ExtResource( 5 )]
transform = Transform( 0.970649, -0.240499, 3.91821e-08, 0, -1.62921e-07, -1, 0.240499, 0.970649, -1.58138e-07, -27.636, -5.52155, -28.6158 )
mesh = SubResource( 5 )
material/0 = null

[node name="Box43" type="MeshInstance" parent="Boxes3" instance=ExtResource( 5 )]
transform = Transform( 0.915368, -0.402619, 6.55947e-08, 0, -1.62921e-07, -1, 0.402619, 0.915368, -1.49132e-07, -27.636, -2.5152, -28.6158 )
mesh = SubResource( 5 )
material/0 = null

[node name="Box38" type="MeshInstance" parent="Boxes3" instance=ExtResource( 5 )]
transform = Transform( -0.0417363, 0, 0.999129, 0, 1, 0, -0.999129, 0, -0.0417363, -23.4985, -11.5474, -28.9803 )
mesh = SubResource( 5 )
material/0 = null

[node name="Box39" type="MeshInstance" parent="Boxes3" instance=ExtResource( 5 )]
transform = Transform( 0.269306, 0, 0.963055, 0, 1, 0, -0.963054, 0, 0.269306, -23.4985, -7.56491, -28.9803 )
mesh = SubResource( 5 )
material/0 = null

[node name="Box40" type="MeshInstance" parent="Boxes3" instance=ExtResource( 5 )]
transform = Transform( -0.0498959, 0, 0.998755, 0, 1, 0, -0.998754, 0, -0.0498959, -23.4985, -3.58071, -28.9803 )
mesh = SubResource( 5 )
material/0 = null

[node name="Box28" type="MeshInstance" parent="Boxes3" instance=ExtResource( 5 )]
transform = Transform( 0.981205, 0.192967, -3.14382e-08, 0, -1.62921e-07, -1, -0.192967, 0.981205, -1.59858e-07, 1.61158, -11.5182, -0.0201325 )
mesh = SubResource( 5 )
material/0 = null

[node name="Box101" type="MeshInstance" parent="Boxes3" instance=ExtResource( 5 )]
transform = Transform( 0.943524, 0.331305, -5.39762e-08, 0, -1.62921e-07, -1, -0.331305, 0.943524, -1.53719e-07, 29.8509, -11.5182, -17.8048 )
mesh = SubResource( 5 )
material/0 = null

[node name="Box104" type="MeshInstance" parent="Boxes3" instance=ExtResource( 5 )]
transform = Transform( 0.466232, 0.884662, -1.44129e-07, 0, -1.62921e-07, -1, -0.884662, 0.466232, -7.59588e-08, 36.5733, -11.5182, -41.446 )
mesh = SubResource( 5 )
material/0 = null

[node name="Box105" type="MeshInstance" parent="Boxes3" instance=ExtResource( 5 )]
transform = Transform( 0.634852, 0.772634, -1.25878e-07, 0, -1.62921e-07, -1, -0.772634, 0.634852, -1.0343e-07, 36.5733, -8.49973, -41.446 )
mesh = SubResource( 5 )
material/0 = null

[node name="Box106" type="MeshInstance" parent="Boxes3" instance=ExtResource( 5 )]
transform = Transform( 0.337555, 0, -0.941306, 0, 1, 0, 0.941306, 0, 0.337555, 41.8889, -11.2186, -41.6395 )
mesh = SubResource( 5 )
material/0 = null

[node name="Box103" type="MeshInstance" parent="Boxes3" instance=ExtResource( 5 )]
transform = Transform( 0.98246, -0.186473, 3.03803e-08, 0, -1.62921e-07, -1, 0.186473, 0.98246, -1.60063e-07, 12.0143, -11.5182, 4.97042 )
mesh = SubResource( 5 )
material/0 = null

[node name="Box107" type="MeshInstance" parent="Boxes3" instance=ExtResource( 5 )]
transform = Transform( 0.891038, 0.453928, -7.3954e-08, 0, -1.62921e-07, -1, -0.453928, 0.891038, -1.45168e-07, 21.6215, -11.5764, 15.5296 )
mesh = SubResource( 5 )
material/0 = null

[node name="Box108" type="MeshInstance" parent="Boxes3" instance=ExtResource( 5 )]
transform = Transform( 0.998852, 0.047891, -7.80229e-09, 0, -1.62921e-07, -1, -0.047891, 0.998852, -1.62733e-07, 36.4553, -11.5764, 32.1005 )
mesh = SubResource( 5 )
material/0 = null

[node name="Box109" type="MeshInstance" parent="Boxes3" instance=ExtResource( 5 )]
transform = Transform( 0.935659, 0.352903, -5.7495e-08, 0, -1.62921e-07, -1, -0.352903, 0.935659, -1.52438e-07, 36.4553, -8.63016, 32.1005 )
mesh = SubResource( 5 )
material/0 = null

[node name="Box102" type="MeshInstance" parent="Boxes3" instance=ExtResource( 5 )]
transform = Transform( 0.999171, 0.0407073, -6.63194e-09, 0, -1.62921e-07, -1, -0.0407073, 0.999171, -1.62785e-07, 30.0159, -8.4922, -18.3304 )
mesh = SubResource( 5 )
material/0 = null

[node name="Box29" type="MeshInstance" parent="Boxes3" instance=ExtResource( 5 )]
transform = Transform( 0.981205, 0.192967, -3.14382e-08, 0, -1.62921e-07, -1, -0.192967, 0.981205, -1.59858e-07, 7.13292, -11.5182, 9.45053 )
mesh = SubResource( 5 )
material/0 = null

[node name="Box30" type="MeshInstance" parent="Boxes3" instance=ExtResource( 5 )]
transform = Transform( 0.97982, -0.199881, 3.25648e-08, 0, -1.62921e-07, -1, 0.199881, 0.97982, -1.59633e-07, 7.13292, -8.51372, 9.45053 )
mesh = SubResource( 5 )
material/0 = null

[node name="Box31" type="MeshInstance" parent="Boxes3" instance=ExtResource( 5 )]
transform = Transform( 0.956793, 0.290769, -4.73721e-08, 0, -1.62921e-07, -1, -0.290769, 0.956793, -1.55881e-07, 7.13292, -5.51538, 9.45053 )
mesh = SubResource( 5 )
material/0 = null

[node name="Box34" type="MeshInstance" parent="Boxes3" instance=ExtResource( 5 )]
transform = Transform( 0.87959, 0.475732, -7.75062e-08, 0, -1.62921e-07, -1, -0.475732, 0.87959, -1.43303e-07, 1.50239, -11.5182, 10.4288 )
mesh = SubResource( 5 )
material/0 = null

[node name="Box35" type="MeshInstance" parent="Boxes3" instance=ExtResource( 5 )]
transform = Transform( 0.994967, 0.100205, -1.63254e-08, 0, -1.62921e-07, -1, -0.100205, 0.994967, -1.621e-07, 1.50239, -8.51372, 10.4288 )
mesh = SubResource( 5 )
material/0 = null

[node name="Box36" type="MeshInstance" parent="Boxes3" instance=ExtResource( 5 )]
transform = Transform( 0.827227, 0.561867, -9.15394e-08, 0, -1.62921e-07, -1, -0.561867, 0.827227, -1.34772e-07, 1.50239, -5.51538, 10.4288 )
mesh = SubResource( 5 )
material/0 = null

[node name="Box92" type="MeshInstance" parent="Boxes3" instance=ExtResource( 5 )]
transform = Transform( 0.87959, 0.475732, -7.75062e-08, 0, -1.62921e-07, -1, -0.475732, 0.87959, -1.43303e-07, 4.57148, -11.5182, 14.8383 )
mesh = SubResource( 5 )
material/0 = null

[node name="Box93" type="MeshInstance" parent="Boxes3" instance=ExtResource( 5 )]
transform = Transform( 0.922025, 0.387129, -6.30711e-08, 0, -1.62921e-07, -1, -0.387129, 0.922025, -1.50217e-07, 4.57148, -8.51372, 14.8383 )
mesh = SubResource( 5 )
material/0 = null

[node name="Box94" type="MeshInstance" parent="Boxes3" instance=ExtResource( 5 )]
transform = Transform( 0.827227, 0.561867, -9.15394e-08, 0, -1.62921e-07, -1, -0.561867, 0.827227, -1.34772e-07, 4.57148, -5.51538, 14.8383 )
mesh = SubResource( 5 )
material/0 = null

[node name="Box95" type="MeshInstance" parent="Boxes3" instance=ExtResource( 5 )]
transform = Transform( 0.362958, 0.931805, -1.5181e-07, 0, -1.62921e-07, -1, -0.931805, 0.362958, -5.91334e-08, 7.73866, -11.5182, 25.7328 )
mesh = SubResource( 5 )
material/0 = null

[node name="Box96" type="MeshInstance" parent="Boxes3" instance=ExtResource( 5 )]
transform = Transform( 0.452637, 0.891695, -1.45275e-07, 0, -1.62921e-07, -1, -0.891695, 0.452637, -7.37438e-08, 7.73866, -8.51372, 25.7328 )
mesh = SubResource( 5 )
material/0 = null

[node name="Box97" type="MeshInstance" parent="Boxes3" instance=ExtResource( 5 )]
transform = Transform( 0.267305, 0.963612, -1.56992e-07, 0, -1.62921e-07, -1, -0.963612, 0.267305, -4.35496e-08, 7.73866, -5.51538, 25.7328 )
mesh = SubResource( 5 )
material/0 = null

[node name="Box98" type="MeshInstance" parent="Boxes3" instance=ExtResource( 5 )]
transform = Transform( 0.586542, 0.809919, -1.31952e-07, 0, -1.62921e-07, -1, -0.809919, 0.586542, -9.55596e-08, 1.77323, -11.5182, 22.9911 )
mesh = SubResource( 5 )
material/0 = null

[node name="Box99" type="MeshInstance" parent="Boxes3" instance=ExtResource( 5 )]
transform = Transform( 0.663182, 0.748458, -1.21939e-07, 0, -1.62921e-07, -1, -0.748458, 0.663182, -1.08046e-07, 1.77323, -8.51372, 22.9911 )
mesh = SubResource( 5 )
material/0 = null

[node name="Box100" type="MeshInstance" parent="Boxes3" instance=ExtResource( 5 )]
transform = Transform( 0.502024, 0.864854, -1.40902e-07, 0, -1.62921e-07, -1, -0.864854, 0.502024, -8.179e-08, 1.77323, -5.51538, 22.9911 )
mesh = SubResource( 5 )
material/0 = null

[node name="Box32" type="MeshInstance" parent="Boxes3" instance=ExtResource( 5 )]
transform = Transform( -0.0328762, 0, 0.999459, 0, 1, 0, -0.999459, 0, -0.0328762, 11.1425, -11.0159, 9.6607 )
mesh = SubResource( 5 )
material/0 = null

[node name="Box33" type="MeshInstance" parent="Boxes3" instance=ExtResource( 5 )]
transform = Transform( 0.0295788, 0, 0.999562, 0, 1, 0, -0.999562, 0, 0.0295788, 11.1425, -7.05512, 9.6607 )
mesh = SubResource( 5 )
material/0 = null

[node name="Box10" type="MeshInstance" parent="Boxes3" instance=ExtResource( 5 )]
transform = Transform( 0.998995, 0, -0.0448225, 0, 1, 0, 0.0448225, 0, 0.998995, 15.6633, 4.9236, 34.4602 )
mesh = SubResource( 5 )
material/0 = null

[node name="Box2" type="MeshInstance" parent="Boxes3" instance=ExtResource( 3 )]
transform = Transform( 0.865414, 0.501058, -8.16327e-08, 0, -1.62921e-07, -1, -0.501058, 0.865414, -1.40994e-07, -32.0727, -9.32136, -28.5987 )
mesh = SubResource( 7 )
material/0 = null

[node name="Box3" type="MeshInstance" parent="Boxes3" instance=ExtResource( 3 )]
transform = Transform( 0.559424, 0.828881, -1.35042e-07, 0, -1.62921e-07, -1, -0.828881, 0.559424, -9.11418e-08, -32.0727, -7.80615, -28.5987 )
mesh = SubResource( 7 )
material/0 = null

[node name="Box6" type="MeshInstance" parent="Boxes3" instance=ExtResource( 3 )]
transform = Transform( 0.0143287, 0.999897, -1.62904e-07, 0, -1.62921e-07, -1, -0.999897, 0.0143287, -2.33443e-09, -32.0727, -12.2125, -5.29248 )
mesh = SubResource( 7 )
material/0 = null

[node name="Box7" type="MeshInstance" parent="Boxes3" instance=ExtResource( 3 )]
transform = Transform( -0.505928, 0.862575, -1.40531e-07, 0, -1.62921e-07, -1, -0.862575, -0.505928, 8.24262e-08, -32.1801, -10.7341, -5.45291 )
mesh = SubResource( 7 )
material/0 = null

[node name="Box8" type="MeshInstance" parent="Boxes3" instance=ExtResource( 3 )]
transform = Transform( -0.128449, 0.991716, -1.61571e-07, 0, -1.62921e-07, -1, -0.991716, -0.128449, 2.09271e-08, -31.9141, -9.27718, -5.00488 )
mesh = SubResource( 7 )
material/0 = null

[node name="Box9" type="MeshInstance" parent="Boxes3" instance=ExtResource( 3 )]
transform = Transform( -0.367573, 0.929995, -1.51515e-07, 0, -1.62921e-07, -1, -0.929995, -0.367573, 5.98852e-08, -32.0499, -7.8115, -5.26478 )
mesh = SubResource( 7 )
material/0 = null

[node name="Box12" type="MeshInstance" parent="Boxes3" instance=ExtResource( 3 )]
transform = Transform( -0.0462173, 0.998931, -1.62747e-07, 0, -1.62921e-07, -1, -0.998931, -0.0462173, 7.52976e-09, -32.0499, -6.33794, -5.26478 )
mesh = SubResource( 7 )
material/0 = null

[node name="Box13" type="MeshInstance" parent="Boxes3" instance=ExtResource( 3 )]
transform = Transform( 0.979325, -0.202292, 3.29575e-08, 0, -1.62921e-07, -1, 0.202292, 0.979325, -1.59552e-07, -31.9798, -12.2125, -9.07812 )
mesh = SubResource( 7 )
material/0 = null

[node name="Box14" type="MeshInstance" parent="Boxes3" instance=ExtResource( 3 )]
transform = Transform( 0.942391, 0.334514, -5.44993e-08, 0, -1.62921e-07, -1, -0.334514, 0.942391, -1.53535e-07, -31.802, -10.7341, -9.1534 )
mesh = SubResource( 7 )
material/0 = null

[node name="Box15" type="MeshInstance" parent="Boxes3" instance=ExtResource( 3 )]
transform = Transform( 0.998167, -0.060526, 9.86093e-09, 0, -1.62921e-07, -1, 0.060526, 0.998167, -1.62622e-07, -32.2921, -9.27718, -8.97649 )
mesh = SubResource( 7 )
material/0 = null

[node name="Box16" type="MeshInstance" parent="Boxes3" instance=ExtResource( 3 )]
transform = Transform( 0.982561, 0.185941, -3.02936e-08, 0, -1.62921e-07, -1, -0.185941, 0.982561, -1.60079e-07, -32.0113, -7.8115, -9.06102 )
mesh = SubResource( 7 )
material/0 = null

[node name="Box17" type="MeshInstance" parent="Boxes3" instance=ExtResource( 3 )]
transform = Transform( 0.989774, -0.142646, 2.324e-08, 0, -1.62921e-07, -1, 0.142646, 0.989774, -1.61255e-07, -32.0113, -6.33794, -9.06102 )
mesh = SubResource( 7 )
material/0 = null

[node name="Box18" type="MeshInstance" parent="Boxes3" instance=ExtResource( 3 )]
transform = Transform( 0.431251, -0.902232, 1.46992e-07, 0, -1.62921e-07, -1, 0.902232, 0.431251, -7.02597e-08, -31.6106, -12.2125, -13.0997 )
mesh = SubResource( 7 )
material/0 = null

[node name="Box19" type="MeshInstance" parent="Boxes3" instance=ExtResource( 3 )]
transform = Transform( 0.836391, -0.548133, 8.93021e-08, 0, -1.62921e-07, -1, 0.548133, 0.836391, -1.36265e-07, -31.4431, -10.7341, -13.0036 )
mesh = SubResource( 7 )
material/0 = null

[node name="Box21" type="MeshInstance" parent="Boxes3" instance=ExtResource( 3 )]
transform = Transform( 0.555541, -0.831489, 1.35467e-07, 0, -1.62921e-07, -1, 0.831489, 0.555541, -9.05091e-08, -31.8804, -9.27718, -13.2869 )
mesh = SubResource( 7 )
material/0 = null

[node name="Box22" type="MeshInstance" parent="Boxes3" instance=ExtResource( 3 )]
transform = Transform( 0.742373, -0.669986, 1.09155e-07, 0, -1.62921e-07, -1, 0.669986, 0.742373, -1.20948e-07, -31.6432, -7.8115, -13.1144 )
mesh = SubResource( 7 )
material/0 = null

[node name="Box23" type="MeshInstance" parent="Boxes3" instance=ExtResource( 3 )]
transform = Transform( 0.485069, -0.874476, 1.4247e-07, 0, -1.62921e-07, -1, 0.874476, 0.485069, -7.90278e-08, -31.6432, -6.33794, -13.1144 )
mesh = SubResource( 7 )
material/0 = null

[node name="Box24" type="MeshInstance" parent="Boxes3" instance=ExtResource( 3 )]
transform = Transform( 0.431251, -0.902232, 1.46992e-07, 0, -1.62921e-07, -1, 0.902232, 0.431251, -7.02597e-08, -27.9983, -12.2125, -7.18787 )
mesh = SubResource( 7 )
material/0 = null

[node name="Box25" type="MeshInstance" parent="Boxes3" instance=ExtResource( 3 )]
transform = Transform( 0.836391, -0.548133, 8.93021e-08, 0, -1.62921e-07, -1, 0.548133, 0.836391, -1.36265e-07, -27.8308, -10.7341, -7.09182 )
mesh = SubResource( 7 )
material/0 = null

[node name="Box26" type="MeshInstance" parent="Boxes3" instance=ExtResource( 3 )]
transform = Transform( 0.555541, -0.831489, 1.35467e-07, 0, -1.62921e-07, -1, 0.831489, 0.555541, -9.05091e-08, -28.2682, -9.27718, -7.3751 )
mesh = SubResource( 7 )
material/0 = null

[node name="Box82" type="MeshInstance" parent="Boxes3" instance=ExtResource( 3 )]
transform = Transform( 0.742373, -0.669986, 1.09155e-07, 0, -1.62921e-07, -1, 0.669986, 0.742373, -1.20948e-07, -28.031, -7.8115, -7.20259 )
mesh = SubResource( 7 )
material/0 = null

[node name="Box83" type="MeshInstance" parent="Boxes3" instance=ExtResource( 3 )]
transform = Transform( 0.485069, -0.874476, 1.4247e-07, 0, -1.62921e-07, -1, 0.874476, 0.485069, -7.90278e-08, -28.031, -6.33794, -7.20259 )
mesh = SubResource( 7 )
material/0 = null

[node name="Box84" type="MeshInstance" parent="Boxes3" instance=ExtResource( 3 )]
transform = Transform( 0.815451, -0.578826, 9.43027e-08, 0, -1.62921e-07, -1, 0.578826, 0.815451, -1.32854e-07, -20.4157, -12.2125, -20.5446 )
mesh = SubResource( 7 )
material/0 = null

[node name="Box85" type="MeshInstance" parent="Boxes3" instance=ExtResource( 3 )]
transform = Transform( 0.997373, -0.0724375, 1.18016e-08, 0, -1.62921e-07, -1, 0.0724375, 0.997373, -1.62493e-07, -20.2226, -10.7341, -20.5421 )
mesh = SubResource( 7 )
material/0 = null

[node name="Box86" type="MeshInstance" parent="Boxes3" instance=ExtResource( 3 )]
transform = Transform( 0.88968, -0.456586, 7.43872e-08, 0, -1.62921e-07, -1, 0.456586, 0.88968, -1.44947e-07, -20.7425, -9.27717, -20.5771 )
mesh = SubResource( 7 )
material/0 = null

[node name="Box87" type="MeshInstance" parent="Boxes3" instance=ExtResource( 3 )]
transform = Transform( 0.974445, -0.224628, 3.65965e-08, 0, -1.62921e-07, -1, 0.224628, 0.974445, -1.58757e-07, -20.4514, -7.8115, -20.5416 )
mesh = SubResource( 7 )
material/0 = null

[node name="Box88" type="MeshInstance" parent="Boxes3" instance=ExtResource( 3 )]
transform = Transform( 0.84899, -0.528409, 8.60887e-08, 0, -1.62921e-07, -1, 0.528409, 0.84899, -1.38318e-07, -20.4514, -6.33794, -20.5416 )
mesh = SubResource( 7 )
material/0 = null

[node name="Box4" type="MeshInstance" parent="Boxes3" instance=ExtResource( 3 )]
transform = Transform( 0.754194, 0.656652, -1.06982e-07, 0, -1.62921e-07, -1, -0.656652, 0.754194, -1.22874e-07, -32.0092, -6.31285, -28.2144 )
mesh = SubResource( 7 )
material/0 = null

[node name="Box5" type="MeshInstance" parent="Boxes3" instance=ExtResource( 3 )]
transform = Transform( -0.071075, -0.517489, -0.852733, 0.0497122, -0.85567, 0.515128, -0.996231, -0.00577851, 0.0865423, -32.066, -8.38146, -41.5801 )
mesh = SubResource( 7 )
material/0 = null

[node name="TP" type="Spatial" parent="Boxes3" instance=ExtResource( 4 )]
transform = Transform( 2, 0, 0, 0, 2, 0, 0, 0, 2, -22.8835, -12.6903, -3.99688 )

[node name="TP2" type="Spatial" parent="Boxes3" instance=ExtResource( 4 )]
transform = Transform( 1.98987, 0, 0.201001, 0, 2, 0, -0.201001, 0, 1.98987, -15.8093, -12.6903, -3.92993 )

[node name="TP3" type="Spatial" parent="Boxes3" instance=ExtResource( 4 )]
transform = Transform( 1.99739, 0, 0.102092, 0, 2, 0, -0.102092, 0, 1.99739, -8.80695, -12.6903, -4.43529 )

[node name="TP4" type="Spatial" parent="Boxes3" instance=ExtResource( 4 )]
transform = Transform( 1.96812, 0, -0.355647, 0, 2, 0, 0.355647, 0, 1.96812, -8.80572, -9.55262, -4.18595 )

[node name="TP5" type="Spatial" parent="Boxes3" instance=ExtResource( 4 )]
transform = Transform( 1.99881, 0, 0.0689617, 0, 2, 0, -0.0689617, 0, 1.99881, -15.6614, -9.55262, -4.05717 )

[node name="TP6" type="Spatial" parent="Boxes3" instance=ExtResource( 4 )]
transform = Transform( 1.36731, 0, -1.45961, 0, 2, 0, 1.45961, 0, 1.36731, -27.4871, -12.5295, -11.0045 )

[node name="TP7" type="Spatial" parent="Boxes3" instance=ExtResource( 4 )]
transform = Transform( 1.98948, 0, 0.204891, 0, 2, 0, -0.204891, 0, 1.98948, -1.28483, -12.5295, -3.72512 )

[node name="TP8" type="Spatial" parent="Boxes3" instance=ExtResource( 4 )]
transform = Transform( 1.99999, 0, 0.00680681, 0, 2, 0, -0.00680681, 0, 1.99999, -15.6875, -12.5295, -16.4256 )

[node name="TP9" type="Spatial" parent="Boxes3" instance=ExtResource( 4 )]
transform = Transform( 1.98775, 0, 0.221065, 0, 2, 0, -0.221065, 0, 1.98775, -15.6875, -9.35483, -16.4256 )
[connection signal="body_entered" from="Area" to="." method="_on_Area_body_entered"]
