[gd_scene load_steps=14 format=2]

[ext_resource path="res://Scripts/L4.gd" type="Script" id=1]
[ext_resource path="res://Scenes/Death/Death.gd" type="Script" id=2]
[ext_resource path="res://Scripts/Interactable/Egg.gd" type="Script" id=3]
[ext_resource path="res://Scenes/Interactable/TP.tscn" type="PackedScene" id=4]
[ext_resource path="res://Scenes/Interactable/Box3.tscn" type="PackedScene" id=5]
[ext_resource path="res://Scenes/Interactable/Egg/Egg.tscn" type="PackedScene" id=6]
[ext_resource path="res://Scenes/Death/Death.tscn" type="PackedScene" id=7]
[ext_resource path="res://Scenes/Interactable/Box2.tscn" type="PackedScene" id=8]

[sub_resource type="BoxShape" id=2]
extents = Vector3( 11.6092, 5.67422, 5.75387 )

[sub_resource type="SpatialMaterial" id=3]
albedo_color = Color( 0.572549, 0.32549, 0.0392157, 1 )
metallic_specular = 0.0

[sub_resource type="CubeMesh" id=4]
material = SubResource( 3 )
size = Vector3( 4, 4, 3 )

[sub_resource type="SpatialMaterial" id=5]
albedo_color = Color( 0.517647, 0.372549, 0.372549, 1 )
metallic_specular = 0.0

[sub_resource type="CubeMesh" id=6]
material = SubResource( 5 )
size = Vector3( 3, 3, 1.5 )

[node name="L5" type="Spatial"]
script = ExtResource( 1 )

[node name="Area" type="Area" parent="."]
transform = Transform( 1, 0, 0, 0, 1, 0, 0, 0, 1, 40.4857, -9.99611, -16.8473 )

[node name="CollisionShape" type="CollisionShape" parent="Area"]
transform = Transform( 1, 0, 0, 0, 1, 0, 0, 0, 1, -50.5487, 30.0491, 3.38771 )
shape = SubResource( 2 )

[node name="KinematicBody" type="KinematicBody" parent="." instance=ExtResource( 7 )]
transform = Transform( 1, 0, 0, 0, 1, 0, 0, 0, 1, 40.4857, -9.99611, -32.1943 )
collision_mask = 3
script = ExtResource( 2 )

[node name="Egg" type="Spatial" parent="." instance=ExtResource( 6 )]
transform = Transform( 1, 0, 0, 0, 1, 0, 0, 0, 1, -5.49756, 15.4028, -40.1935 )
script = ExtResource( 3 )

[node name="Egg2" type="Spatial" parent="." instance=ExtResource( 6 )]
transform = Transform( 1, 0, 0, 0, 1, 0, 0, 0, 1, 2.38174, 16.9312, -31.7578 )
script = ExtResource( 3 )

[node name="Egg3" type="Spatial" parent="." instance=ExtResource( 6 )]
transform = Transform( 1, 0, 0, 0, 1, 0, 0, 0, 1, 9.02397, 17.7796, -44.4788 )
script = ExtResource( 3 )

[node name="Egg4" type="Spatial" parent="." instance=ExtResource( 6 )]
transform = Transform( 1, 0, 0, 0, 1, 0, 0, 0, 1, 40.2985, 12.9551, -43.421 )
script = ExtResource( 3 )

[node name="Egg5" type="Spatial" parent="." instance=ExtResource( 6 )]
transform = Transform( 1, 0, 0, 0, 1, 0, 0, 0, 1, 27.1226, 13.1514, -35.1785 )
script = ExtResource( 3 )

[node name="Egg6" type="Spatial" parent="." instance=ExtResource( 6 )]
transform = Transform( 1, 0, 0, 0, 1, 0, 0, 0, 1, -8.36313, 17.1534, 19.8606 )
script = ExtResource( 3 )

[node name="Egg9" type="Spatial" parent="." instance=ExtResource( 6 )]
transform = Transform( 1, 0, 0, 0, 1, 0, 0, 0, 1, -43.7995, 13.0699, -11.6113 )
script = ExtResource( 3 )

[node name="Egg10" type="Spatial" parent="." instance=ExtResource( 6 )]
transform = Transform( 1, 0, 0, 0, 1, 0, 0, 0, 1, -18.6432, 5.13639, -28.7383 )
script = ExtResource( 3 )

[node name="Egg11" type="Spatial" parent="." instance=ExtResource( 6 )]
transform = Transform( 1, 0, 0, 0, 1, 0, 0, 0, 1, -11.9443, 5.13639, -27.2242 )
script = ExtResource( 3 )

[node name="Egg12" type="Spatial" parent="." instance=ExtResource( 6 )]
transform = Transform( 1, 0, 0, 0, 1, 0, 0, 0, 1, -12.9205, 5.13639, -21.1002 )
script = ExtResource( 3 )

[node name="Egg13" type="Spatial" parent="." instance=ExtResource( 6 )]
transform = Transform( 1, 0, 0, 0, 1, 0, 0, 0, 1, -13.4079, 5.13639, -15.7697 )
script = ExtResource( 3 )

[node name="Egg14" type="Spatial" parent="." instance=ExtResource( 6 )]
transform = Transform( 1, 0, 0, 0, 1, 0, 0, 0, 1, -15.8756, 5.13639, -12.3795 )
script = ExtResource( 3 )

[node name="Egg16" type="Spatial" parent="." instance=ExtResource( 6 )]
transform = Transform( 1, 0, 0, 0, 1, 0, 0, 0, 1, 2.51487, 0.0794091, -12.3795 )
script = ExtResource( 3 )

[node name="Egg19" type="Spatial" parent="." instance=ExtResource( 6 )]
transform = Transform( 1, 0, 0, 0, 0.943002, -0.332787, 0, 0.332787, 0.943002, 41.0828, 0.0419397, 44.3581 )
script = ExtResource( 3 )

[node name="Egg20" type="Spatial" parent="." instance=ExtResource( 6 )]
transform = Transform( 1, 0, 0, 0, 1, 0, 0, 0, 1, -31.1572, -9.98753, 26.7519 )
script = ExtResource( 3 )

[node name="Egg22" type="Spatial" parent="." instance=ExtResource( 6 )]
transform = Transform( 1, 0, 0, 0, 1, 0, 0, 0, 1, 11.5046, -12.978, 30.0729 )
script = ExtResource( 3 )

[node name="Egg23" type="Spatial" parent="." instance=ExtResource( 6 )]
transform = Transform( 1, 0, 0, 0, 1, 0, 0, 0, 1, 22.0246, -10.0027, 16.822 )
script = ExtResource( 3 )

[node name="Egg24" type="Spatial" parent="." instance=ExtResource( 6 )]
transform = Transform( 1, 0, 0, 0, 1, 0, 0, 0, 1, 21.3608, -12.4021, -39.278 )
script = ExtResource( 3 )

[node name="Egg26" type="Spatial" parent="." instance=ExtResource( 6 )]
transform = Transform( 0.985345, -0.170571, 0, 0.170571, 0.985345, 0, 0, 0, 1, 38.2967, -12.8177, -39.2415 )
script = ExtResource( 3 )

[node name="Egg27" type="Spatial" parent="." instance=ExtResource( 6 )]
transform = Transform( 0.985345, -0.170571, 0, 0.162155, 0.93673, 0.310228, -0.0529159, -0.305682, 0.950662, 38.969, -12.8177, -40.5132 )
script = ExtResource( 3 )

[node name="Egg28" type="Spatial" parent="." instance=ExtResource( 6 )]
transform = Transform( 0.999999, 0, 0, 0, 0.999999, 0, 0, 0, 1, -9.22927, -12.9657, -25.3277 )
script = ExtResource( 3 )

[node name="Egg33" type="Spatial" parent="." instance=ExtResource( 6 )]
transform = Transform( 0.999999, 0, 0, 0, 0.999999, 0, 0, 0, 1, -24.669, -12.9657, -7.64474 )
script = ExtResource( 3 )

[node name="Egg34" type="Spatial" parent="." instance=ExtResource( 6 )]
transform = Transform( 0.989054, 0.147008, -0.0126367, -0.14755, 0.98542, -0.0847056, 0, 0.0856429, 0.996326, -9.6687, -12.9657, -26.3023 )
script = ExtResource( 3 )

[node name="Egg29" type="Spatial" parent="." instance=ExtResource( 6 )]
transform = Transform( 0.888504, 0.405185, 0.215371, -0.45713, 0.740771, 0.49223, 0.0399038, -0.535801, 0.843401, 40.4173, -12.8177, -39.5028 )
script = ExtResource( 3 )

[node name="Egg31" type="Spatial" parent="." instance=ExtResource( 6 )]
transform = Transform( 0.99892, 0.0415061, -0.0208936, -0.0214202, 0.810307, 0.585613, 0.0412367, -0.584533, 0.810321, 39.7586, -12.8177, -38.8195 )
script = ExtResource( 3 )

[node name="Egg32" type="Spatial" parent="." instance=ExtResource( 6 )]
transform = Transform( 0.99892, 0.0415061, -0.0208936, -0.0214202, 0.810307, 0.585613, 0.0412367, -0.584533, 0.810321, 39.7586, -12.8177, -38.8195 )
script = ExtResource( 3 )

[node name="Egg30" type="Spatial" parent="." instance=ExtResource( 6 )]
transform = Transform( 0.926586, -0.296059, -0.231922, 0.37396, 0.790738, 0.484652, 0.0399038, -0.535801, 0.843401, 39.3191, -12.8177, -39.4754 )
script = ExtResource( 3 )

[node name="Egg25" type="Spatial" parent="." instance=ExtResource( 6 )]
transform = Transform( 1, 0, 0, 0, 1, 0, 0, 0, 1, 7.98231, -12.8683, 42.2564 )
script = ExtResource( 3 )

[node name="Egg21" type="Spatial" parent="." instance=ExtResource( 6 )]
transform = Transform( 1, 0, 0, 0, 1, 0, 0, 0, 1, -43.836, -13.0618, 40.3574 )
script = ExtResource( 3 )

[node name="Egg17" type="Spatial" parent="." instance=ExtResource( 6 )]
transform = Transform( 1, 0, 0, 0, 1, 0, 0, 0, 1, 31.1074, 3.04783, -23.076 )
script = ExtResource( 3 )

[node name="Egg18" type="Spatial" parent="." instance=ExtResource( 6 )]
transform = Transform( 1, 0, 0, 0, 1, 0, 0, 0, 1, 31.7971, 3.04783, -34.5945 )
script = ExtResource( 3 )

[node name="Egg15" type="Spatial" parent="." instance=ExtResource( 6 )]
transform = Transform( 1, 0, 0, 0, 1, 0, 0, 0, 1, -19.098, 5.13639, -21.7526 )
script = ExtResource( 3 )

[node name="Egg7" type="Spatial" parent="." instance=ExtResource( 6 )]
transform = Transform( 0.996937, -0.078004, 0.00574878, 0.0782155, 0.99424, -0.0732741, 0, 0.0734993, 0.997295, -43.0396, 13.0653, 33.0484 )
script = ExtResource( 3 )

[node name="Egg8" type="Spatial" parent="." instance=ExtResource( 6 )]
transform = Transform( 1, 0, 0, 0, 1, 0, 0, 0, 1, -43.1753, 13.0653, 34.0678 )
script = ExtResource( 3 )

[node name="Boxes3" type="Spatial" parent="."]

[node name="Box20" type="MeshInstance" parent="Boxes3" instance=ExtResource( 5 )]
transform = Transform( 0.736192, 0, -0.676773, 0, 1, 0, 0.676773, 0, 0.736192, -10.0668, 19.3127, 18.0599 )
mesh = SubResource( 4 )
material/0 = null

[node name="Box27" type="MeshInstance" parent="Boxes3" instance=ExtResource( 5 )]
transform = Transform( 0.999427, 0.0338354, -5.5125e-09, 0, -1.62921e-07, -1, -0.0338354, 0.999427, -1.62827e-07, -32.0866, -11.5474, -28.926 )
mesh = SubResource( 4 )
material/0 = null

[node name="Box37" type="MeshInstance" parent="Boxes3" instance=ExtResource( 5 )]
transform = Transform( 0.990495, -0.137548, 2.24094e-08, 0, -1.62921e-07, -1, 0.137548, 0.990495, -1.61372e-07, -27.5918, -11.5474, -28.9025 )
mesh = SubResource( 4 )
material/0 = null

[node name="Box44" type="MeshInstance" parent="Boxes3" instance=ExtResource( 5 )]
transform = Transform( 0.998548, 0.0538696, -8.77647e-09, 0, -1.62921e-07, -1, -0.0538696, 0.998548, -1.62683e-07, -31.6326, -11.5474, -41.6559 )
mesh = SubResource( 4 )
material/0 = null

[node name="Box45" type="MeshInstance" parent="Boxes3" instance=ExtResource( 5 )]
transform = Transform( 0.999904, -0.0138401, 2.25479e-09, 0, -1.62921e-07, -1, 0.0138401, 0.999904, -1.62904e-07, -27.202, -11.5474, -41.9329 )
mesh = SubResource( 4 )
material/0 = null

[node name="Box46" type="MeshInstance" parent="Boxes3" instance=ExtResource( 5 )]
transform = Transform( 0.999259, -0.0384751, 6.26833e-09, 0, -1.62921e-07, -1, 0.0384751, 0.999259, -1.62799e-07, -22.4708, -11.5474, -41.9329 )
mesh = SubResource( 4 )
material/0 = null

[node name="Box47" type="MeshInstance" parent="Boxes3" instance=ExtResource( 5 )]
transform = Transform( 0.999908, 0.0135433, -2.2065e-09, 0, -1.62921e-07, -1, -0.0135433, 0.999908, -1.62905e-07, -18.1812, -11.5474, -41.9329 )
mesh = SubResource( 4 )
material/0 = null

[node name="Box54" type="MeshInstance" parent="Boxes3" instance=ExtResource( 5 )]
transform = Transform( 0.979336, 0.20224, -3.2949e-08, 0, -1.62921e-07, -1, -0.20224, 0.979336, -1.59553e-07, -31.2838, -11.5474, -24.2058 )
mesh = SubResource( 4 )
material/0 = null

[node name="Box55" type="MeshInstance" parent="Boxes3" instance=ExtResource( 5 )]
transform = Transform( 0.99881, -0.0487627, 7.94439e-09, 0, -1.62921e-07, -1, 0.0487627, 0.99881, -1.62726e-07, -31.5212, -8.55599, -24.6258 )
mesh = SubResource( 4 )
material/0 = null

[node name="Box56" type="MeshInstance" parent="Boxes3" instance=ExtResource( 5 )]
transform = Transform( 0.984704, 0.174232, -2.8386e-08, 0, -1.62921e-07, -1, -0.174232, 0.984704, -1.60428e-07, -31.5313, -5.53246, -24.5179 )
mesh = SubResource( 4 )
material/0 = null

[node name="Box57" type="MeshInstance" parent="Boxes3" instance=ExtResource( 5 )]
transform = Transform( 0.99091, 0.134522, -2.19164e-08, 0, -1.62921e-07, -1, -0.134522, 0.99091, -1.61439e-07, -32.0166, -2.5512, -24.9286 )
mesh = SubResource( 4 )
material/0 = null

[node name="Box58" type="MeshInstance" parent="Boxes3" instance=ExtResource( 5 )]
transform = Transform( 0.993492, -0.113897, 1.85561e-08, 0, -1.62921e-07, -1, 0.113897, 0.993492, -1.6186e-07, -26.5302, -11.5474, -23.9615 )
mesh = SubResource( 4 )
material/0 = null

[node name="Box59" type="MeshInstance" parent="Boxes3" instance=ExtResource( 5 )]
transform = Transform( 0.933561, -0.358417, 5.83933e-08, 0, -1.62921e-07, -1, 0.358417, 0.933561, -1.52096e-07, -26.6245, -8.55599, -24.4346 )
mesh = SubResource( 4 )
material/0 = null

[node name="Box60" type="MeshInstance" parent="Boxes3" instance=ExtResource( 5 )]
transform = Transform( 0.989841, -0.14218, 2.31639e-08, 0, -1.62921e-07, -1, 0.14218, 0.989841, -1.61265e-07, -26.6679, -5.53246, -24.3352 )
mesh = SubResource( 4 )
material/0 = null

[node name="Box61" type="MeshInstance" parent="Boxes3" instance=ExtResource( 5 )]
transform = Transform( 0.983328, -0.181841, 2.96255e-08, 0, -1.62921e-07, -1, 0.181841, 0.983328, -1.60204e-07, -27.0005, -2.5512, -24.877 )
mesh = SubResource( 4 )
material/0 = null

[node name="Box62" type="MeshInstance" parent="Boxes3" instance=ExtResource( 5 )]
transform = Transform( -0.126943, 0.99191, -1.61602e-07, 0, -1.62921e-07, -1, -0.99191, -0.126943, 2.06817e-08, -22.1884, -11.5474, -24.5312 )
mesh = SubResource( 4 )
material/0 = null

[node name="Box63" type="MeshInstance" parent="Boxes3" instance=ExtResource( 5 )]
transform = Transform( 0.124814, 0.99218, -1.61646e-07, 0, -1.62921e-07, -1, -0.99218, 0.124814, -2.03346e-08, -22.6253, -8.55599, -24.3265 )
mesh = SubResource( 4 )
material/0 = null

[node name="Box64" type="MeshInstance" parent="Boxes3" instance=ExtResource( 5 )]
transform = Transform( -0.0986077, 0.995126, -1.62126e-07, 0, -1.62921e-07, -1, -0.995126, -0.0986077, 1.60652e-08, -22.5185, -5.53246, -24.3082 )
mesh = SubResource( 4 )
material/0 = null

[node name="Box65" type="MeshInstance" parent="Boxes3" instance=ExtResource( 5 )]
transform = Transform( -0.0585398, 0.998285, -1.62641e-07, 0, -1.62921e-07, -1, -0.998285, -0.0585398, 9.53734e-09, -22.965, -2.5512, -23.8557 )
mesh = SubResource( 4 )
material/0 = null

[node name="Box66" type="MeshInstance" parent="Boxes3" instance=ExtResource( 5 )]
transform = Transform( -0.870321, 0.492484, -8.02355e-08, 0, -1.62921e-07, -1, -0.492484, -0.870321, 1.41793e-07, -17.1915, -11.5474, -27.3209 )
mesh = SubResource( 4 )
material/0 = null

[node name="Box67" type="MeshInstance" parent="Boxes3" instance=ExtResource( 5 )]
transform = Transform( -0.71974, 0.694244, -1.13106e-07, 0, -1.62921e-07, -1, -0.694244, -0.71974, 1.1726e-07, -17.2893, -8.55599, -26.8485 )
mesh = SubResource( 4 )
material/0 = null

[node name="Box68" type="MeshInstance" parent="Boxes3" instance=ExtResource( 5 )]
transform = Transform( -0.855924, 0.517101, -8.42461e-08, 0, -1.62921e-07, -1, -0.517101, -0.855924, 1.39447e-07, -17.2106, -5.53246, -26.923 )
mesh = SubResource( 4 )
material/0 = null

[node name="Box69" type="MeshInstance" parent="Boxes3" instance=ExtResource( 5 )]
transform = Transform( -0.834454, 0.551078, -8.97816e-08, 0, -1.62921e-07, -1, -0.551078, -0.834454, 1.35949e-07, -17.1158, -2.5512, -26.2944 )
mesh = SubResource( 4 )
material/0 = null

[node name="Box70" type="MeshInstance" parent="Boxes3" instance=ExtResource( 5 )]
transform = Transform( -0.998396, 0.0566056, -9.22215e-09, 0, -1.62921e-07, -1, -0.0566056, -0.998396, 1.62659e-07, -12.0899, -11.5474, -27.2728 )
mesh = SubResource( 4 )
material/0 = null

[node name="Box89" type="MeshInstance" parent="Boxes3" instance=ExtResource( 5 )]
transform = Transform( -0.897035, -0.44196, 7.20042e-08, 0, -1.62921e-07, -1, 0.44196, -0.897035, 1.46145e-07, -10.5446, -11.5474, -21.8816 )
mesh = SubResource( 4 )
material/0 = null

[node name="Box90" type="MeshInstance" parent="Boxes3" instance=ExtResource( 5 )]
transform = Transform( 0.0138924, -0.999903, 1.62904e-07, 0, -1.62921e-07, -1, 0.999903, 0.0138924, -2.26339e-09, 9.53275, -11.5474, -17.7959 )
mesh = SubResource( 4 )
material/0 = null

[node name="Box91" type="MeshInstance" parent="Boxes3" instance=ExtResource( 5 )]
transform = Transform( -0.539961, -0.84169, 1.37128e-07, 0, -1.62921e-07, -1, 0.84169, -0.539961, 8.79705e-08, 9.53275, -11.5474, -22.8858 )
mesh = SubResource( 4 )
material/0 = null

[node name="Box71" type="MeshInstance" parent="Boxes3" instance=ExtResource( 5 )]
transform = Transform( -0.952619, 0.304166, -4.95547e-08, 0, -1.62921e-07, -1, -0.304166, -0.952619, 1.55201e-07, -11.9686, -8.55599, -26.8059 )
mesh = SubResource( 4 )
material/0 = null

[node name="Box72" type="MeshInstance" parent="Boxes3" instance=ExtResource( 5 )]
transform = Transform( -0.996376, 0.0850516, -1.38566e-08, 0, -1.62921e-07, -1, -0.0850516, -0.996376, 1.6233e-07, -11.9311, -5.53246, -26.9075 )
mesh = SubResource( 4 )
material/0 = null

[node name="Box73" type="MeshInstance" parent="Boxes3" instance=ExtResource( 5 )]
transform = Transform( -0.992154, 0.125021, -2.03685e-08, 0, -1.62921e-07, -1, -0.125021, -0.992154, 1.61642e-07, -11.5679, -2.5512, -26.3858 )
mesh = SubResource( 4 )
material/0 = null

[node name="Box74" type="MeshInstance" parent="Boxes3" instance=ExtResource( 5 )]
transform = Transform( -0.081173, 0.9967, -1.62382e-07, 0, -1.62921e-07, -1, -0.9967, -0.081173, 1.32247e-08, -15.4575, -11.5474, -21.8643 )
mesh = SubResource( 4 )
material/0 = null

[node name="Box75" type="MeshInstance" parent="Boxes3" instance=ExtResource( 5 )]
transform = Transform( 0.17033, 0.985387, -1.60539e-07, 0, -1.62921e-07, -1, -0.985387, 0.17033, -2.77501e-08, -15.9033, -8.55599, -21.6799 )
mesh = SubResource( 4 )
material/0 = null

[node name="Box76" type="MeshInstance" parent="Boxes3" instance=ExtResource( 5 )]
transform = Transform( -0.0527193, 0.998609, -1.62693e-07, 0, -1.62921e-07, -1, -0.998609, -0.0527193, 8.58906e-09, -15.7974, -5.53246, -21.6567 )
mesh = SubResource( 4 )
material/0 = null

[node name="Box77" type="MeshInstance" parent="Boxes3" instance=ExtResource( 5 )]
transform = Transform( -0.0125484, 0.999921, -1.62907e-07, 0, -1.62921e-07, -1, -0.999921, -0.0125484, 2.04444e-09, -16.2643, -2.5512, -21.2252 )
mesh = SubResource( 4 )
material/0 = null

[node name="Box78" type="MeshInstance" parent="Boxes3" instance=ExtResource( 5 )]
transform = Transform( -0.987775, 0.155883, -2.53964e-08, 0, -1.62921e-07, -1, -0.155883, -0.987775, 1.60928e-07, -12.8638, -11.5474, -41.6063 )
mesh = SubResource( 4 )
material/0 = null

[node name="Box79" type="MeshInstance" parent="Boxes3" instance=ExtResource( 5 )]
transform = Transform( -0.917539, 0.397644, -6.47842e-08, 0, -1.62921e-07, -1, -0.397644, -0.917539, 1.49486e-07, -12.7896, -8.55599, -41.1296 )
mesh = SubResource( 4 )
material/0 = null

[node name="Box80" type="MeshInstance" parent="Boxes3" instance=ExtResource( 5 )]
transform = Transform( -0.982929, 0.183986, -2.99749e-08, 0, -1.62921e-07, -1, -0.183986, -0.982929, 1.60139e-07, -12.7422, -5.53246, -41.2271 )
mesh = SubResource( 4 )
material/0 = null

[node name="Box81" type="MeshInstance" parent="Boxes3" instance=ExtResource( 5 )]
transform = Transform( -0.974741, 0.223335, -3.63857e-08, 0, -1.62921e-07, -1, -0.223335, -0.974741, 1.58805e-07, -12.4328, -2.5512, -40.6717 )
mesh = SubResource( 4 )
material/0 = null

[node name="Box48" type="MeshInstance" parent="Boxes3" instance=ExtResource( 5 )]
transform = Transform( 0.98868, 0.150036, -2.44439e-08, 0, -1.62921e-07, -1, -0.150036, 0.98868, -1.61076e-07, -19.2931, -8.54326, -41.9329 )
mesh = SubResource( 4 )
material/0 = null

[node name="Box49" type="MeshInstance" parent="Boxes3" instance=ExtResource( 5 )]
transform = Transform( 0.999851, -0.0172431, 2.80921e-09, 0, -1.62921e-07, -1, 0.0172431, 0.999851, -1.62896e-07, -24.0755, -8.54326, -41.9329 )
mesh = SubResource( 4 )
material/0 = null

[node name="Box50" type="MeshInstance" parent="Boxes3" instance=ExtResource( 5 )]
transform = Transform( 0.999292, 0.0376204, -6.12914e-09, 0, -1.62921e-07, -1, -0.0376204, 0.999292, -1.62805e-07, -28.6745, -8.54326, -41.9329 )
mesh = SubResource( 4 )
material/0 = null

[node name="Box51" type="MeshInstance" parent="Boxes3" instance=ExtResource( 5 )]
transform = Transform( 0.969591, 0.244732, -3.98718e-08, 0, -1.62921e-07, -1, -0.244732, 0.969591, -1.57966e-07, -28.6745, -5.54107, -42.0838 )
mesh = SubResource( 4 )
material/0 = null

[node name="Box52" type="MeshInstance" parent="Boxes3" instance=ExtResource( 5 )]
transform = Transform( 0.984069, 0.177789, -2.89654e-08, 0, -1.62921e-07, -1, -0.177789, 0.984069, -1.60324e-07, -24.4916, -5.54107, -42.0838 )
mesh = SubResource( 4 )
material/0 = null

[node name="Box53" type="MeshInstance" parent="Boxes3" instance=ExtResource( 5 )]
transform = Transform( 0.973702, -0.227824, 3.71171e-08, 0, -1.62921e-07, -1, 0.227824, 0.973702, -1.58636e-07, -19.7341, -5.54107, -42.0838 )
mesh = SubResource( 4 )
material/0 = null

[node name="Box41" type="MeshInstance" parent="Boxes3" instance=ExtResource( 5 )]
transform = Transform( 0.985479, 0.169797, -2.76633e-08, 0, -1.62921e-07, -1, -0.169797, 0.985479, -1.60554e-07, -27.6214, -8.52632, -28.6189 )
mesh = SubResource( 4 )
material/0 = null

[node name="Box42" type="MeshInstance" parent="Boxes3" instance=ExtResource( 5 )]
transform = Transform( 0.970649, -0.240499, 3.91821e-08, 0, -1.62921e-07, -1, 0.240499, 0.970649, -1.58138e-07, -27.636, -5.52155, -28.6158 )
mesh = SubResource( 4 )
material/0 = null

[node name="Box43" type="MeshInstance" parent="Boxes3" instance=ExtResource( 5 )]
transform = Transform( 0.915368, -0.402619, 6.55947e-08, 0, -1.62921e-07, -1, 0.402619, 0.915368, -1.49132e-07, -27.636, -2.5152, -28.6158 )
mesh = SubResource( 4 )
material/0 = null

[node name="Box38" type="MeshInstance" parent="Boxes3" instance=ExtResource( 5 )]
transform = Transform( -0.0417363, 0, 0.999129, 0, 1, 0, -0.999129, 0, -0.0417363, -23.4985, -11.5474, -28.9803 )
mesh = SubResource( 4 )
material/0 = null

[node name="Box39" type="MeshInstance" parent="Boxes3" instance=ExtResource( 5 )]
transform = Transform( 0.269306, 0, 0.963055, 0, 1, 0, -0.963054, 0, 0.269306, -23.4985, -7.56491, -28.9803 )
mesh = SubResource( 4 )
material/0 = null

[node name="Box40" type="MeshInstance" parent="Boxes3" instance=ExtResource( 5 )]
transform = Transform( -0.0498959, 0, 0.998755, 0, 1, 0, -0.998754, 0, -0.0498959, -23.4985, -3.58071, -28.9803 )
mesh = SubResource( 4 )
material/0 = null

[node name="Box101" type="MeshInstance" parent="Boxes3" instance=ExtResource( 5 )]
transform = Transform( 0.943524, 0.331305, -5.39762e-08, 0, -1.62921e-07, -1, -0.331305, 0.943524, -1.53719e-07, 29.8509, -11.5182, -17.8048 )
mesh = SubResource( 4 )
material/0 = null

[node name="Box104" type="MeshInstance" parent="Boxes3" instance=ExtResource( 5 )]
transform = Transform( 0.466232, 0.884662, -1.44129e-07, 0, -1.62921e-07, -1, -0.884662, 0.466232, -7.59588e-08, 36.5733, -11.5182, -41.446 )
mesh = SubResource( 4 )
material/0 = null

[node name="Box105" type="MeshInstance" parent="Boxes3" instance=ExtResource( 5 )]
transform = Transform( 0.634852, 0.772634, -1.25878e-07, 0, -1.62921e-07, -1, -0.772634, 0.634852, -1.0343e-07, 36.5733, -8.49973, -41.446 )
mesh = SubResource( 4 )
material/0 = null

[node name="Box106" type="MeshInstance" parent="Boxes3" instance=ExtResource( 5 )]
transform = Transform( 0.337555, 0, -0.941306, 0, 1, 0, 0.941306, 0, 0.337555, 41.8889, -11.2186, -41.6395 )
mesh = SubResource( 4 )
material/0 = null

[node name="Box107" type="MeshInstance" parent="Boxes3" instance=ExtResource( 5 )]
transform = Transform( 0.891038, 0.453928, -7.3954e-08, 0, -1.62921e-07, -1, -0.453928, 0.891038, -1.45168e-07, 21.6215, -11.5764, 15.5296 )
mesh = SubResource( 4 )
material/0 = null

[node name="Box108" type="MeshInstance" parent="Boxes3" instance=ExtResource( 5 )]
transform = Transform( 0.998852, 0.047891, -7.80229e-09, 0, -1.62921e-07, -1, -0.047891, 0.998852, -1.62733e-07, 36.4553, -11.5764, 32.1005 )
mesh = SubResource( 4 )
material/0 = null

[node name="Box109" type="MeshInstance" parent="Boxes3" instance=ExtResource( 5 )]
transform = Transform( 0.935659, 0.352903, -5.7495e-08, 0, -1.62921e-07, -1, -0.352903, 0.935659, -1.52438e-07, 36.4553, -8.63016, 32.1005 )
mesh = SubResource( 4 )
material/0 = null

[node name="Box102" type="MeshInstance" parent="Boxes3" instance=ExtResource( 5 )]
transform = Transform( 0.999171, 0.0407073, -6.63194e-09, 0, -1.62921e-07, -1, -0.0407073, 0.999171, -1.62785e-07, 30.0159, -8.4922, -18.3304 )
mesh = SubResource( 4 )
material/0 = null

[node name="Box34" type="MeshInstance" parent="Boxes3" instance=ExtResource( 5 )]
transform = Transform( 0.87959, 0.475732, -7.75062e-08, 0, -1.62921e-07, -1, -0.475732, 0.87959, -1.43303e-07, 1.50239, -11.5182, 10.4288 )
mesh = SubResource( 4 )
material/0 = null

[node name="Box35" type="MeshInstance" parent="Boxes3" instance=ExtResource( 5 )]
transform = Transform( 0.994967, 0.100205, -1.63254e-08, 0, -1.62921e-07, -1, -0.100205, 0.994967, -1.621e-07, 1.50239, -8.51372, 10.4288 )
mesh = SubResource( 4 )
material/0 = null

[node name="Box36" type="MeshInstance" parent="Boxes3" instance=ExtResource( 5 )]
transform = Transform( 0.827227, 0.561867, -9.15394e-08, 0, -1.62921e-07, -1, -0.561867, 0.827227, -1.34772e-07, 1.50239, -5.51538, 10.4288 )
mesh = SubResource( 4 )
material/0 = null

[node name="Box98" type="MeshInstance" parent="Boxes3" instance=ExtResource( 5 )]
transform = Transform( 0.197948, 0.980213, -1.59696e-07, 0, -1.62921e-07, -1, -0.980213, 0.197948, -3.22499e-08, 9.30229, -11.5182, 18.3774 )
mesh = SubResource( 4 )
material/0 = null

[node name="Box99" type="MeshInstance" parent="Boxes3" instance=ExtResource( 5 )]
transform = Transform( 0.293173, 0.956059, -1.55762e-07, 0, -1.62921e-07, -1, -0.956059, 0.293173, -4.7764e-08, 9.30229, -8.51372, 18.3774 )
mesh = SubResource( 4 )
material/0 = null

[node name="Box100" type="MeshInstance" parent="Boxes3" instance=ExtResource( 5 )]
transform = Transform( 0.0982601, 0.995161, -1.62132e-07, 0, -1.62921e-07, -1, -0.995161, 0.0982601, -1.60088e-08, 9.30229, -5.51538, 18.3774 )
mesh = SubResource( 4 )
material/0 = null

[node name="Box103" type="MeshInstance" parent="Boxes3" instance=ExtResource( 5 )]
transform = Transform( -0.385343, 0.922774, -1.50338e-07, 0, -1.62921e-07, -1, -0.922774, -0.385343, 6.27799e-08, 4.08102, -11.5182, 19.7619 )
mesh = SubResource( 4 )
material/0 = null

[node name="Box110" type="MeshInstance" parent="Boxes3" instance=ExtResource( 5 )]
transform = Transform( -0.292939, 0.956131, -1.55773e-07, 0, -1.62921e-07, -1, -0.956131, -0.292939, 4.77256e-08, 4.08102, -8.51372, 19.7619 )
mesh = SubResource( 4 )
material/0 = null

[node name="Box111" type="MeshInstance" parent="Boxes3" instance=ExtResource( 5 )]
transform = Transform( -0.476285, 0.879291, -1.43254e-07, 0, -1.62921e-07, -1, -0.879291, -0.476285, 7.75961e-08, 4.08102, -5.51538, 19.7619 )
mesh = SubResource( 4 )
material/0 = null

[node name="Box112" type="MeshInstance" parent="Boxes3" instance=ExtResource( 5 )]
transform = Transform( 0.236991, 0.971512, -1.58279e-07, 0, -1.62921e-07, -1, -0.971512, 0.236991, -3.86107e-08, -3.97107, -11.5182, 18.2535 )
mesh = SubResource( 4 )
material/0 = null

[node name="Box113" type="MeshInstance" parent="Boxes3" instance=ExtResource( 5 )]
transform = Transform( 0.331173, 0.94357, -1.53727e-07, 0, -1.62921e-07, -1, -0.94357, 0.331173, -5.3955e-08, -3.97107, -8.51372, 18.2535 )
mesh = SubResource( 4 )
material/0 = null

[node name="Box114" type="MeshInstance" parent="Boxes3" instance=ExtResource( 5 )]
transform = Transform( 0.13798, 0.990435, -1.61362e-07, 0, -1.62921e-07, -1, -0.990435, 0.13798, -2.248e-08, -3.97107, -5.51538, 18.2535 )
mesh = SubResource( 4 )
material/0 = null

[node name="Box115" type="MeshInstance" parent="Boxes3" instance=ExtResource( 5 )]
transform = Transform( -0.254923, 0.966962, -1.57538e-07, 0, -1.62921e-07, -1, -0.966962, -0.254923, 4.15319e-08, -0.113075, -11.5182, 22.5669 )
mesh = SubResource( 4 )
material/0 = null

[node name="Box116" type="MeshInstance" parent="Boxes3" instance=ExtResource( 5 )]
transform = Transform( -0.158813, 0.987309, -1.60853e-07, 0, -1.62921e-07, -1, -0.987309, -0.158813, 2.58737e-08, -0.113075, -8.51372, 22.5669 )
mesh = SubResource( 4 )
material/0 = null

[node name="Box117" type="MeshInstance" parent="Boxes3" instance=ExtResource( 5 )]
transform = Transform( -0.350976, 0.936385, -1.52556e-07, 0, -1.62921e-07, -1, -0.936385, -0.350976, 5.71808e-08, -0.113075, -5.51538, 22.5669 )
mesh = SubResource( 4 )
material/0 = null

[node name="Box118" type="MeshInstance" parent="Boxes3" instance=ExtResource( 5 )]
transform = Transform( -0.949978, 0.312318, -5.0883e-08, 0, -1.62921e-07, -1, -0.312318, -0.949978, 1.5477e-07, -10.7458, -11.5182, 11.3127 )
mesh = SubResource( 4 )
material/0 = null

[node name="Box119" type="MeshInstance" parent="Boxes3" instance=ExtResource( 5 )]
transform = Transform( -0.914748, 0.404024, -6.5824e-08, 0, -1.62921e-07, -1, -0.404024, -0.914748, 1.49031e-07, -10.7458, -8.51372, 11.3127 )
mesh = SubResource( 4 )
material/0 = null

[node name="Box120" type="MeshInstance" parent="Boxes3" instance=ExtResource( 5 )]
transform = Transform( -0.976594, 0.215093, -3.50432e-08, 0, -1.62921e-07, -1, -0.215093, -0.976594, 1.59107e-07, -10.7458, -5.51538, 11.3127 )
mesh = SubResource( 4 )
material/0 = null

[node name="Box121" type="MeshInstance" parent="Boxes3" instance=ExtResource( 5 )]
transform = Transform( -0.997163, -0.0752748, 1.22636e-08, 0, -1.62921e-07, -1, 0.0752748, -0.997163, 1.62458e-07, -14.5108, -11.5182, 16.5027 )
mesh = SubResource( 4 )
material/0 = null

[node name="Box122" type="MeshInstance" parent="Boxes3" instance=ExtResource( 5 )]
transform = Transform( -0.999737, 0.0229317, -3.7362e-09, 0, -1.62921e-07, -1, -0.0229317, -0.999737, 1.62878e-07, -14.5108, -8.51372, 16.5027 )
mesh = SubResource( 4 )
material/0 = null

[node name="Box123" type="MeshInstance" parent="Boxes3" instance=ExtResource( 5 )]
transform = Transform( -0.984519, -0.175281, 2.85566e-08, 0, -1.62921e-07, -1, 0.175281, -0.984519, 1.60398e-07, -14.5108, -5.51538, 16.5027 )
mesh = SubResource( 4 )
material/0 = null

[node name="Box124" type="MeshInstance" parent="Boxes3" instance=ExtResource( 5 )]
transform = Transform( 0.0476123, -0.998866, 1.62735e-07, 0, -1.62921e-07, -1, 0.998866, 0.0476123, -7.75687e-09, -6.26321, -11.5182, 27.0088 )
mesh = SubResource( 4 )
material/0 = null

[node name="Box125" type="MeshInstance" parent="Boxes3" instance=ExtResource( 5 )]
transform = Transform( -0.0506278, -0.998717, 1.62711e-07, 0, -1.62921e-07, -1, 0.998717, -0.0506278, 8.24846e-09, -6.26321, -8.51372, 27.0088 )
mesh = SubResource( 4 )
material/0 = null

[node name="Box126" type="MeshInstance" parent="Boxes3" instance=ExtResource( 5 )]
transform = Transform( 0.147931, -0.988998, 1.61128e-07, 0, -1.62921e-07, -1, 0.988998, 0.147931, -2.41007e-08, -6.26321, -5.51538, 27.0088 )
mesh = SubResource( 4 )
material/0 = null

[node name="Box127" type="MeshInstance" parent="Boxes3" instance=ExtResource( 5 )]
transform = Transform( -0.133865, -0.991, 1.61454e-07, 0, -1.62921e-07, -1, 0.991, -0.133865, 2.18094e-08, -23.4612, -11.5182, 11.5165 )
mesh = SubResource( 4 )
material/0 = null

[node name="Box128" type="MeshInstance" parent="Boxes3" instance=ExtResource( 5 )]
transform = Transform( -0.230457, -0.973082, 1.58535e-07, 0, -1.62921e-07, -1, 0.973082, -0.230457, 3.75464e-08, -23.4612, -8.51372, 11.5165 )
mesh = SubResource( 4 )
material/0 = null

[node name="Box129" type="MeshInstance" parent="Boxes3" instance=ExtResource( 5 )]
transform = Transform( -0.0334166, -0.999442, 1.62829e-07, 0, -1.62921e-07, -1, 0.999442, -0.0334166, 5.44444e-09, -23.4612, -5.51538, 11.5165 )
mesh = SubResource( 4 )
material/0 = null

[node name="Box130" type="MeshInstance" parent="Boxes3" instance=ExtResource( 5 )]
transform = Transform( -0.477036, -0.878884, 1.43188e-07, 0, -1.62921e-07, -1, 0.878884, -0.477036, 7.77189e-08, -31.9227, -11.5182, 16.9236 )
mesh = SubResource( 4 )
material/0 = null

[node name="Box131" type="MeshInstance" parent="Boxes3" instance=ExtResource( 5 )]
transform = Transform( -0.560971, -0.827835, 1.34871e-07, 0, -1.62921e-07, -1, 0.827835, -0.560971, 9.13938e-08, -31.9227, -8.51372, 16.9236 )
mesh = SubResource( 4 )
material/0 = null

[node name="Box132" type="MeshInstance" parent="Boxes3" instance=ExtResource( 5 )]
transform = Transform( -0.386131, -0.922444, 1.50285e-07, 0, -1.62921e-07, -1, 0.922444, -0.386131, 6.29088e-08, -31.9227, -5.51538, 16.9236 )
mesh = SubResource( 4 )
material/0 = null

[node name="Box133" type="MeshInstance" parent="Boxes3" instance=ExtResource( 5 )]
transform = Transform( -0.477036, -0.878884, 1.43188e-07, 0, -1.62921e-07, -1, 0.878884, -0.477036, 7.77189e-08, -19.2322, -11.5182, 23.5701 )
mesh = SubResource( 4 )
material/0 = null

[node name="Box134" type="MeshInstance" parent="Boxes3" instance=ExtResource( 5 )]
transform = Transform( -0.560971, -0.827835, 1.34871e-07, 0, -1.62921e-07, -1, 0.827835, -0.560971, 9.13938e-08, -19.2322, -8.51372, 23.5701 )
mesh = SubResource( 4 )
material/0 = null

[node name="Box135" type="MeshInstance" parent="Boxes3" instance=ExtResource( 5 )]
transform = Transform( -0.802599, -0.596519, 9.71849e-08, 0, -1.62921e-07, -1, 0.596519, -0.802599, 1.3076e-07, -19.2322, -5.51538, 23.5701 )
mesh = SubResource( 4 )
material/0 = null

[node name="Box139" type="MeshInstance" parent="Boxes3" instance=ExtResource( 5 )]
transform = Transform( -0.959087, -0.283112, 4.61244e-08, 0, -1.62921e-07, -1, 0.283112, -0.959087, 1.56255e-07, -30.2042, -11.4991, 31.9526 )
mesh = SubResource( 4 )
material/0 = null

[node name="Box140" type="MeshInstance" parent="Boxes3" instance=ExtResource( 5 )]
transform = Transform( -0.889337, 0.457253, -7.44959e-08, 0, -1.62921e-07, -1, -0.457253, -0.889337, 1.44891e-07, -24.8069, -11.4991, 31.9556 )
mesh = SubResource( 4 )
material/0 = null

[node name="Box141" type="MeshInstance" parent="Boxes3" instance=ExtResource( 5 )]
transform = Transform( -0.990426, -0.13805, 2.24909e-08, 0, -1.62921e-07, -1, 0.13805, -0.990426, 1.6136e-07, -31.8106, -11.4991, 26.3049 )
mesh = SubResource( 4 )
material/0 = null

[node name="Box136" type="MeshInstance" parent="Boxes3" instance=ExtResource( 5 )]
transform = Transform( -0.477036, -0.878884, 1.43188e-07, 0, -1.62921e-07, -1, 0.878884, -0.477036, 7.77189e-08, -14.2602, -11.5182, 26.7819 )
mesh = SubResource( 4 )
material/0 = null

[node name="Box137" type="MeshInstance" parent="Boxes3" instance=ExtResource( 5 )]
transform = Transform( -0.401852, -0.915704, 1.49187e-07, 0, -1.62921e-07, -1, 0.915704, -0.401852, 6.547e-08, -14.2602, -8.51372, 26.7819 )
mesh = SubResource( 4 )
material/0 = null

[node name="Box138" type="MeshInstance" parent="Boxes3" instance=ExtResource( 5 )]
transform = Transform( -0.386131, -0.922444, 1.50285e-07, 0, -1.62921e-07, -1, 0.922444, -0.386131, 6.29088e-08, -14.2602, -5.51538, 26.7819 )
mesh = SubResource( 4 )
material/0 = null

[node name="Box2" type="MeshInstance" parent="Boxes3" instance=ExtResource( 8 )]
transform = Transform( 0.865414, 0.501058, -8.16327e-08, 0, -1.62921e-07, -1, -0.501058, 0.865414, -1.40994e-07, -32.0727, -9.32136, -28.5987 )
mesh = SubResource( 6 )
material/0 = null

[node name="Box3" type="MeshInstance" parent="Boxes3" instance=ExtResource( 8 )]
transform = Transform( 0.559424, 0.828881, -1.35042e-07, 0, -1.62921e-07, -1, -0.828881, 0.559424, -9.11418e-08, -32.0727, -7.80615, -28.5987 )
mesh = SubResource( 6 )
material/0 = null

[node name="Box6" type="MeshInstance" parent="Boxes3" instance=ExtResource( 8 )]
transform = Transform( 0.0143287, 0.999897, -1.62904e-07, 0, -1.62921e-07, -1, -0.999897, 0.0143287, -2.33443e-09, -32.0727, -12.2125, -5.29248 )
mesh = SubResource( 6 )
material/0 = null

[node name="Box7" type="MeshInstance" parent="Boxes3" instance=ExtResource( 8 )]
transform = Transform( -0.505928, 0.862575, -1.40531e-07, 0, -1.62921e-07, -1, -0.862575, -0.505928, 8.24262e-08, -32.1801, -10.7341, -5.45291 )
mesh = SubResource( 6 )
material/0 = null

[node name="Box8" type="MeshInstance" parent="Boxes3" instance=ExtResource( 8 )]
transform = Transform( -0.128449, 0.991716, -1.61571e-07, 0, -1.62921e-07, -1, -0.991716, -0.128449, 2.09271e-08, -31.9141, -9.27718, -5.00488 )
mesh = SubResource( 6 )
material/0 = null

[node name="Box9" type="MeshInstance" parent="Boxes3" instance=ExtResource( 8 )]
transform = Transform( -0.367573, 0.929995, -1.51515e-07, 0, -1.62921e-07, -1, -0.929995, -0.367573, 5.98852e-08, -32.0499, -7.8115, -5.26478 )
mesh = SubResource( 6 )
material/0 = null

[node name="Box12" type="MeshInstance" parent="Boxes3" instance=ExtResource( 8 )]
transform = Transform( -0.0462173, 0.998931, -1.62747e-07, 0, -1.62921e-07, -1, -0.998931, -0.0462173, 7.52976e-09, -32.0499, -6.33794, -5.26478 )
mesh = SubResource( 6 )
material/0 = null

[node name="Box13" type="MeshInstance" parent="Boxes3" instance=ExtResource( 8 )]
transform = Transform( 0.979325, -0.202292, 3.29575e-08, 0, -1.62921e-07, -1, 0.202292, 0.979325, -1.59552e-07, -31.9798, -12.2125, -9.07812 )
mesh = SubResource( 6 )
material/0 = null

[node name="Box14" type="MeshInstance" parent="Boxes3" instance=ExtResource( 8 )]
transform = Transform( 0.942391, 0.334514, -5.44993e-08, 0, -1.62921e-07, -1, -0.334514, 0.942391, -1.53535e-07, -31.802, -10.7341, -9.1534 )
mesh = SubResource( 6 )
material/0 = null

[node name="Box15" type="MeshInstance" parent="Boxes3" instance=ExtResource( 8 )]
transform = Transform( 0.998167, -0.060526, 9.86093e-09, 0, -1.62921e-07, -1, 0.060526, 0.998167, -1.62622e-07, -32.2921, -9.27718, -8.97649 )
mesh = SubResource( 6 )
material/0 = null

[node name="Box16" type="MeshInstance" parent="Boxes3" instance=ExtResource( 8 )]
transform = Transform( 0.982561, 0.185941, -3.02936e-08, 0, -1.62921e-07, -1, -0.185941, 0.982561, -1.60079e-07, -32.0113, -7.8115, -9.06102 )
mesh = SubResource( 6 )
material/0 = null

[node name="Box17" type="MeshInstance" parent="Boxes3" instance=ExtResource( 8 )]
transform = Transform( 0.989774, -0.142646, 2.324e-08, 0, -1.62921e-07, -1, 0.142646, 0.989774, -1.61255e-07, -32.0113, -6.33794, -9.06102 )
mesh = SubResource( 6 )
material/0 = null

[node name="Box18" type="MeshInstance" parent="Boxes3" instance=ExtResource( 8 )]
transform = Transform( 0.431251, -0.902232, 1.46992e-07, 0, -1.62921e-07, -1, 0.902232, 0.431251, -7.02597e-08, -31.6106, -12.2125, -13.0997 )
mesh = SubResource( 6 )
material/0 = null

[node name="Box19" type="MeshInstance" parent="Boxes3" instance=ExtResource( 8 )]
transform = Transform( 0.836391, -0.548133, 8.93021e-08, 0, -1.62921e-07, -1, 0.548133, 0.836391, -1.36265e-07, -31.4431, -10.7341, -13.0036 )
mesh = SubResource( 6 )
material/0 = null

[node name="Box21" type="MeshInstance" parent="Boxes3" instance=ExtResource( 8 )]
transform = Transform( 0.555541, -0.831489, 1.35467e-07, 0, -1.62921e-07, -1, 0.831489, 0.555541, -9.05091e-08, -31.8804, -9.27718, -13.2869 )
mesh = SubResource( 6 )
material/0 = null

[node name="Box22" type="MeshInstance" parent="Boxes3" instance=ExtResource( 8 )]
transform = Transform( 0.742373, -0.669986, 1.09155e-07, 0, -1.62921e-07, -1, 0.669986, 0.742373, -1.20948e-07, -31.6432, -7.8115, -13.1144 )
mesh = SubResource( 6 )
material/0 = null

[node name="Box23" type="MeshInstance" parent="Boxes3" instance=ExtResource( 8 )]
transform = Transform( 0.485069, -0.874476, 1.4247e-07, 0, -1.62921e-07, -1, 0.874476, 0.485069, -7.90278e-08, -31.6432, -6.33794, -13.1144 )
mesh = SubResource( 6 )
material/0 = null

[node name="Box24" type="MeshInstance" parent="Boxes3" instance=ExtResource( 8 )]
transform = Transform( 0.431251, -0.902232, 1.46992e-07, 0, -1.62921e-07, -1, 0.902232, 0.431251, -7.02597e-08, -27.9983, -12.2125, -7.18787 )
mesh = SubResource( 6 )
material/0 = null

[node name="Box25" type="MeshInstance" parent="Boxes3" instance=ExtResource( 8 )]
transform = Transform( 0.836391, -0.548133, 8.93021e-08, 0, -1.62921e-07, -1, 0.548133, 0.836391, -1.36265e-07, -27.8308, -10.7341, -7.09182 )
mesh = SubResource( 6 )
material/0 = null

[node name="Box26" type="MeshInstance" parent="Boxes3" instance=ExtResource( 8 )]
transform = Transform( 0.555541, -0.831489, 1.35467e-07, 0, -1.62921e-07, -1, 0.831489, 0.555541, -9.05091e-08, -28.2682, -9.27718, -7.3751 )
mesh = SubResource( 6 )
material/0 = null

[node name="Box82" type="MeshInstance" parent="Boxes3" instance=ExtResource( 8 )]
transform = Transform( 0.742373, -0.669986, 1.09155e-07, 0, -1.62921e-07, -1, 0.669986, 0.742373, -1.20948e-07, -28.031, -7.8115, -7.20259 )
mesh = SubResource( 6 )
material/0 = null

[node name="Box83" type="MeshInstance" parent="Boxes3" instance=ExtResource( 8 )]
